6500001 68134 20
6500002 47909 56
6500003 48791 26
6500004 50278 26
6500005 50014 45
6500006 59441 55
6500007 26711 18
6500008 43686 20
6500009 26846 30
6500010 11318 20
6500011 66724 55
6500012 46006 41
6500013 68651 35
6500014 27834 57
6500015 62099 55
6500016 42786 56
6500017 29216 55
6500018 12093 50
6500019 31175 52
6500020 57536 47
6500021 39060 23
6500022 65867 55
6500023 18610 22
6500024 17173 52
6500025 13503 41
6500026 58030 58
6500027 66720 18
6500028 20148 31
6500029 26380 44
6500030 30729 59
6500031 23656 25
6500032 50832 39
6500033 46943 50
6500034 47772 50
6500035 65299 57
6500036 61656 46
6500037 57614 34
6500038 10487 34
6500039 42415 57
6500040 65995 40
6500041 17260 29
6500042 39354 48
6500043 36511 33
6500044 31614 35
6500045 57375 59
6500046 62885 54
6500047 61892 18
6500048 42209 23
6500049 39354 29
6500050 62977 19
6500051 44406 50
6500052 20155 43
6500053 69075 59
6500054 47476 20
6500055 40165 49
6500056 11897 42
6500057 13492 23
6500058 17281 56
6500059 37830 18
6500060 45738 57
6500061 27942 30
6500062 11610 44
6500063 36869 44
6500064 54900 22
6500065 21173 58
6500066 64451 36
6500067 28489 24
6500068 56722 39
6500069 16532 42
6500070 68942 22
6500071 62129 57
6500072 29017 34
6500073 31877 21
6500074 53090 56
6500075 65735 44
6500076 53055 54
6500077 67755 46
6500078 24371 38
6500079 16903 38
6500080 59394 44
6500081 36643 44
6500082 63954 18
6500083 51438 37
6500084 45646 32
6500085 36699 41
6500086 10230 57
6500087 18060 60
6500088 37414 52
6500089 62709 19
6500090 47819 20
6500091 55318 39
6500092 15905 50
6500093 59928 40
6500094 60905 23
6500095 15021 35
6500096 62740 28
6500097 43203 48
6500098 61843 24
6500099 65399 51
6500100 40745 41
